./balltree 10000 784 /Users/nrajani/kdtree-knn/data/mnist-test.dat 16 30
0
0
0
0
0
0
0
0
0
0
0
0
0
0
0
0
0
0
0
0
0
0
0
0
0
0
0
0
0
0
0
0
0
0.0038
0.0236
0.0158
0.0403
0.0511
0.1047
0.2343
0.3088
0.266
0.3081
0.2343
0.0691
0.0897
0.094
0.0502
0.0192
0
0
0
0
0
0
0
0
0
0
0
0
0.0437
0.1115
0.1453
0.2925
0.6072
1.2156
2.1472
2.8166
3.3338
3.8543
3.8542
3.4891
2.7632
2.1144
1.5362
1.0103
0.4551
0.2277
0.0789
0.0005
0
0
0
0
0
0
0
0.0204
0.0732
0.2593
0.5675
1.2865
2.5978
4.636
6.8995
9.3797
11.4614
12.6102
13.1878
12.0629
9.9018
7.846
5.5457
3.4415
1.8192
1.0548
0.4305
0.133
0.0451
0.0163
0
0
0
0
0.0188
0.1025
0.2157
0.9782
2.5287
5.0391
9.4435
15.3808
23.0427
31.0135
38.937
45.732
47.9694
44.8063
37.797
28.5518
20.6985
13.6098
7.9201
4.3923
2.1194
0.795
0.2013
0.0826
0
0
0.0024
0.0014
0.0355
0.4779
1.4314
3.6425
7.2963
13.1464
22.5634
35.1388
49.5389
63.8208
78.0104
88.891
93.3406
90.1906
80.3033
64.7614
48.3123
33.2657
20.4418
12.0468
6.2009
2.8438
0.7661
0.2275
0
0
0
0.0039
0.2551
1.3553
3.3803
7.1813
14.0995
24.6206
39.4394
56.984
76.039
94.4356
110.282
122.423
127.29
122.68
111.897
95.1214
73.6993
52.5574
33.4743
19.6733
10.2494
5.2552
1.722
0.4046
0.0377
0
0.0153
0.1163
0.7318
2.6581
6.0113
11.8546
22.1658
37.5057
57.0779
78.5093
99.9546
116.419
127.981
135.077
136.631
133.432
126.584
113.234
92.9874
67.676
44.4192
25.606
13.7258
6.6193
2.5384
0.5259
0.0285
0
0.0656
0.3549
1.206
3.7192
8.2268
15.8864
29.0064
49.3913
73.6965
98.0352
114.618
122.003
123.469
123.282
122.389
123.096
123.971
117.528
100.546
75.0427
49.4583
28.8147
14.7863
6.9675
2.8095
0.7284
0.0462
0.0159
0.1574
0.4922
1.6612
4.2663
9.2172
18.2898
33.7147
58.0087
86.2132
107.784
114.847
109.965
101.756
98.7079
99.3089
105.051
113.483
113.162
98.7286
74.655
49.4017
28.9722
14.3196
6.0164
2.0405
0.527
0.0552
0.0283
0.1164
0.4627
1.4769
3.7893
8.7265
18.9662
36.7976
63.8861
92.0881
107.759
104.909
90.2594
80.3026
79.8003
84.5441
94.4825
107.84
108.942
93.7647
69.6766
45.4361
26.9269
13.1065
4.7841
1.099
0.3493
0.0662
0.0038
0.0623
0.3486
1.0224
2.8464
8.3912
20.0049
40.8209
69.516
95.1692
104.516
94.5888
78.0867
71.8786
76.1404
86.8038
99.0431
110.499
107.5
88.4642
63.5227
40.9828
24.6863
12.5574
4.4892
0.6776
0.1994
0.0202
0
0.0443
0.2172
0.6346
2.4187
8.8126
22.8011
45.7755
74.1599
95.3405
100.796
89.7534
77.3937
78.6442
90.2827
103.815
115.338
120.164
108.997
83.8994
57.9509
37.5577
23.9398
12.9999
4.7499
0.5851
0.0385
0
0
0.0184
0.1037
0.4556
2.3436
10.2398
25.9615
49.672
76.0468
93.768
97.0042
89.4725
84.4143
96.3724
113.706
127.31
132.805
128.994
109.99
80.9206
55.4638
37.2917
24.6871
13.8512
5.1775
0.6201
0.0265
0
0
0
0.044
0.3415
2.5792
12.0359
28.1561
51.4537
75.1996
90.7917
93.6961
91.5638
95.751
116.321
132.675
142.784
140.381
129.825
108.267
79.0021
55.9177
39.4197
25.8636
15.0459
5.673
6.42285e-323
6.95321e-310
6.95327e-310
2.22848e-314
3.95253e-323
2.22789e-314
6.92968e-310
1.4822e-323
2.22849e-314
6.95321e-310
6.95327e-310
2.22789e-314
6.92968e-310
1.4822e-323
2.22849e-314
2.22848e-314
6.95327e-310
2.22848e-314
142.943
135.869
7.58885e-320
2.22848e-314
7.58885e-320
2.02666e-320
2.22849e-314
2.02666e-320
2.17389e-322
1.02401e-314
2.22789e-314
1.4822e-323
2.22849e-314
-1.40445e+306
3.23786e-319
2.02666e-320
0
9.88131e-324
0
2.22789e-314
2.17389e-322
6.95321e-310
6.95327e-310
2.2279e-314
2.17389e-322
9.88131e-324
4.94066e-324
6.95321e-310
6.95327e-310
1.4822e-323
1.97626e-323
6.95321e-310
6.95326e-310
1.6189e-319
9.88131e-324
6.95321e-310
6.95326e-310
6.95326e-310
6.95326e-310
0
6.95326e-310
6.95321e-310
6.95326e-310
2.122e-314
2.96439e-323
6.95321e-310
6.95326e-310
1.6189e-319
6.78163e-312
2.122e-314
1.55137e-321
6.95321e-310
6.95321e-310
6.95321e-310
5.28156e-321
4.94066e-324
2.122e-314
1.33635e-313
2.96439e-323
6.95321e-310
6.95326e-310
6.92968e-310
6.95321e-310
25.1712
12.2354
6.95321e-310
2.122e-314
4.94066e-323
6.95326e-310
4.94066e-324
2.122e-314
6.95321e-310
6.95326e-310
6.95321e-310
6.95323e-310
3.02015e-314
6.95321e-310
6.95323e-310
6.95323e-310
6.95323e-310
6.95323e-310
6.95323e-310
2.22823e-314
6.95323e-310
6.95323e-310
6.95321e-310
2.6362e-313
4.94066e-324
6.95321e-310
nan
4.94066e-324
6.95326e-310
5.92879e-323
2.47033e-323
2.96439e-323
0
0
0
8.9806e-315
6.95321e-310
1.4822e-323
6.95321e-310
0
6.92968e-310
5.92879e-323
2.63621e-313
6.92968e-310
6.95325e-310
2.96439e-323
6.95314e-310
6.95323e-310
6.95326e-310
6.95314e-310
6.87799e-315
6.95323e-310
0
6.95323e-310
6.95321e-310
6.95321e-310
0
6.92968e-310
4.94066e-324
6.95326e-310
4.94066e-324
6.92968e-310
2.47033e-323
6.95321e-310
2.47033e-323
6.95321e-310
2.47033e-323
6.95321e-310
6.95323e-310
4.94066e-324
6.95321e-310
6.95323e-310
6.95321e-310
7.88041e+115
6.95321e-310
6.95323e-310
6.92968e-310
nan
nan
6.95323e-310
6.87799e-315
2.22823e-314
6.95321e-310
0
3.02015e-314
6.95321e-310
1.48569e-76
6.95323e-310
6.95323e-310
6.95323e-310
6.95323e-310
2.22823e-314
6.95323e-310
6.95323e-310
1.01856e-312
6.95321e-310
6.95321e-310
6.95321e-310
6.95321e-310
6.95323e-310
6.95323e-310
6.95323e-310
6.87799e-315
6.95314e-310
2.22798e-314
6.95321e-310
6.95321e-310
6.95323e-310
6.95323e-310
2.22823e-314
0
6.95314e-310
2.22823e-314
7.51897e-304
4.94066e-324
6.95323e-310
6.95323e-310
2.22815e-314
2.22818e-314
1.10752e-312
3.56715e-321
2.22822e-314
6.95321e-310
6.95323e-310
3.9419e-317
0
6.95321e-310
6.95327e-310
4.42189e-321
0
0
1.39065e-309
0
3.23786e-319
1.26481e-321
3.23786e-319
2.67277e-29
6.95321e-310
6.95325e-310
6.95321e-310
nan
0
6.95321e-310
6.95326e-310
6.95321e-310
6.95321e-310
0
2.22823e-314
2.22815e-314
2.22823e-314
6.95323e-310
6.95323e-310
6.95321e-310
6.95323e-310
2.22823e-314
0
6.95323e-310
2.22823e-314
0
6.95327e-310
2.22823e-314
7.51897e-304
4.94066e-324
6.95323e-310
6.95323e-310
2.22815e-314
2.67277e-29
2.2233e-322
0
nan
6.95321e-310
6.95325e-310
6.95321e-310
6.95326e-310
6.95321e-310
6.95321e-310
6.95321e-310
6.79039e-313
2.12196e-314
6.95321e-310
2.17389e-322
3.23786e-319
1.26481e-321
3.23786e-319
0
0
0
0
0
6.95321e-310
0
3.23786e-319
9.48284e-317
3.23786e-319
9.84912e-315
3.23786e-319
0
0
0
0
0
0
0
0
0
4.19978e-315
0
0
0
0
0
0
0
1.4822e-323
0
0
0
0
0
0
0
0
0
0
0
0
0
0
0
0
2.67277e-29
6.95327e-310
6.95321e-310
0
6.95321e-310
6.95321e-310
6.95321e-310
6.95325e-310
nan
1.56671e-309
6.95325e-310
6.95325e-310
0
6.95325e-310
5.92879e-323
6.95321e-310
6.95321e-310
6.95327e-310
6.95321e-310
1.56672e-309
1.21792e-308
5.92879e-323
5.92879e-323
6.95321e-310
6.95321e-310
6.95326e-310
5.92879e-323
5.92879e-323
4.94066e-324
6.95321e-310
5.92879e-323
6.95321e-310
4.94066e-324
6.95326e-310
2.22818e-314
2.22818e-314
0
2.22818e-314
5.92879e-323
2.22798e-314
6.95321e-310
6.95321e-310
6.95321e-310
2.22818e-314
6.95321e-310
2.22796e-314
3.60222e+179
2.59626e-314
6.95321e-310
2.22796e-314
3.60222e+179
4.74263e-315
2.22818e-314
2.22818e-314
6.95321e-310
2.22818e-314
Time to create ball tree: 0.955974
Time to query ball tree: 0
